2.77138272955,1.67382409183,2.96418973952,4.44509347504,4.9552751863
22.0561539108,21.9827904297,20.3410267224,23.6601382423,22.3923633113
42.1207196519,44.5560308971,40.4736984125,41.6329068849,44.6995755183
64.5265792688,61.9449626666,63.1982844009,63.4696570886,64.3585231947
80.3528316067,83.8904421552,82.3041691477,83.4724580648,80.4622976259
102.599806301,104.219588768,101.486782613,100.535506834,101.50882559
4.90317589751,3.97454353997,2.96748017289,4.40817375052,3.23359892477
20.7240290832,22.9845639919,23.2725791233,21.4697674695,21.9746526101
41.3036353995,40.7178934746,40.2451155408,44.7563224244,41.9299107929
63.5960559603,64.433721877,62.5031349306,62.922155831,63.9517316356
83.615883274,81.478089661,83.0188691229,82.3571687545,81.939121386
101.331679625,100.778265072,100.912740868,100.043031433,103.376106534
2.64257746958,4.90399064056,3.58128449839,2.58825458856,2.10122838238
22.0542278395,20.0107646901,23.7033110246,21.8629045054,22.2845721086
44.5080962405,44.1130290379,44.8494068108,40.2696298284,44.5669768344
61.5093191214,63.5253709908,62.9749438785,64.5629664805,63.0919276423
84.262695098,84.5467146123,83.959195784,80.8146256637,84.5166387626
100.432040429,101.168503936,100.574313822,100.7678242,102.386961861
2.30402756856,2.95330798159,2.85325226661,2.38500210808,3.32220444067
24.9847831568,20.126578552,22.6207753517,21.5109688997,20.7665411317
42.6828908287,44.8570975349,41.3538722952,43.6514348135,44.3948879998
62.7256829845,62.2557848039,61.0104628574,63.1225638774,62.1098539547
84.5090022467,80.763167224,80.3145261244,82.1137719376,82.7738598722
103.933908328,103.102441481,101.689255401,100.083797523,101.339923391
4.61240335694,4.22669604996,2.47081701281,2.75520374892,4.0504449823
21.789856969,23.4798797146,24.8507541635,24.2668232675,20.4403618937
42.7991134845,44.218772648,41.4716837459,41.1397199436,43.9869071676
61.2063840424,64.0580202617,62.8388612644,60.0440507383,64.8605811116
81.1736202671,84.1276778821,82.8444549114,82.3215469044,84.4903610933
100.647363946,102.110697066,101.565757776,101.813952323,102.122460012
1.97356626673,1.56121951556,3.10847366104,4.43761388002,3.33974359277
23.6505916111,24.5575006775,23.7476142979,23.4452599515,22.3933123888
43.5498227319,43.9980867252,40.1440932785,44.8903823309,40.4449795767
61.7690605945,62.3918257172,60.9527168341,61.0527489564,62.8639957959
84.6249943185,81.0183300337,81.9525434823,84.6440687105,83.8684155086
101.048638031,103.632000701,102.156148911,101.093121189,102.424575527
4.49417285108,4.19422859575,5.27607381532,3.03771768955,2.33730176033
22.6700335426,22.9463792938,20.2402157293,21.3128954131,20.7825021259
42.4650559558,40.6476294245,41.5659514718,40.2758052646,44.4015758495
61.7787094856,62.2321685771,63.0763301538,61.6216756281,64.3636722541
80.5732223593,84.3644014634,81.4583677906,81.6574437777,82.4776605897
104.762078081,101.0706757,102.110958794,100.493043574,103.494789266
2.80897407367,3.45198602876,2.78763818502,4.38293691483,3.39620456702
21.8540487434,21.59846944,21.9732671674,24.3165450011,22.1342174862
42.0152174691,41.5146388365,41.092298069,40.7599205804,44.7628145563
63.8679900222,60.590448608,62.1235483902,61.4270627086,63.5012978321
81.7383564732,80.5856223653,82.1629753865,80.0378941653,81.0224803961
102.549589699,104.568493543,103.908970275,101.266240413,101.626748046
1.96209428292,3.4219726885,2.3914364388,4.33144706116,4.95933463393
22.2568672665,24.5061784934,24.0584414532,22.0170915635,24.6524595571
44.8578030767,40.4386436384,43.7997277793,43.5951872561,42.5477938127
60.7863179435,63.8930213639,61.3923999532,62.476279685,62.6771237639
82.9518323028,83.5760685627,84.3812240913,84.4944819632,81.772155446
102.85632866,102.347322681,103.930621697,101.042188224,101.663786601
2.26392452861,3.20410917381,2.69283295287,2.75274711633,1.81083917296
20.0063050861,24.3370699871,21.6661208402,21.2789647565,23.4823865335
42.2316464991,42.6834711214,42.4805816153,41.4027026128,42.86179929
60.5909114104,62.2633140372,64.6746164576,63.8594792588,60.308783064
81.4327959185,82.4921700758,81.364974444,80.5491743137,82.2749733404
102.497097389,104.820891398,104.545563479,103.291082968,103.850065623
3.90464377557,2.72695729285,4.27233036311,1.87829511236,1.84238821231
24.5992808748,24.1091728542,23.2035488008,20.7308845292,22.4507517379
41.6016892051,42.0972152252,43.244934196,40.8650332683,43.3513487675
64.3468966153,62.3895691303,64.3856659026,60.1276303184,61.3605215456
84.8084395279,81.4564619102,80.9089581158,82.2754148142,82.7838403608
101.278189388,103.963295797,103.297461529,104.288959493,101.892913365
4.31151324705,4.26934488735,4.51696811859,3.14185790313,4.5944621289
24.3742687268,24.6245742597,22.6857763615,24.0310229896,24.9152874985
42.2450808071,42.9931974839,40.327425505,40.9713897886,43.3464426134
64.7036449394,61.0273453005,63.8348983076,62.4341512697,63.5379892056
80.0917489998,80.5191242469,82.5240233664,80.3553523227,82.1131435649
101.469603238,102.190648305,103.769114409,103.013956533,100.990925622
3.53172335973,4.13491361716,3.05468777423,1.68934770932,5.03765021483
21.0528639175,20.8415771961,23.9088302988,20.9545527744,24.9231903587
42.64791061,44.0619431457,41.3045205221,41.0405785424,41.0552601119
64.0202749609,60.7347120326,61.2064131222,62.6990173818,60.9423227818
80.2136990027,82.672490606,81.3872538004,81.6600836436,81.434756434
100.373393836,103.38583841,103.786685719,101.601186441,104.409010225
4.68767019278,3.05913964527,4.07537303584,1.76702815904,4.26291591298
24.687982786,20.4482630719,24.6700704831,23.5059520247,20.2345904903
42.15173401,41.8891658821,42.7492277702,41.5650442908,44.9135902462
61.6131442475,61.5342592258,64.4395594497,60.7573727088,60.8339495821
82.5395198047,82.7595970107,83.364013348,83.2413200879,83.120095124
102.755884486,100.889351554,100.822270712,102.344050373,102.25357637
4.49345788554,4.52897493159,4.59833445219,5.15421569216,4.70378673257
22.4434497576,24.3917407876,23.65246125,21.9846523699,23.5476931983
41.3819745578,42.563072536,42.9160984862,44.17708587,41.0427138596
60.3664794041,60.6304360435,63.2473194218,61.0489382014,60.9859940898
84.0505522819,82.3970579747,80.8935208968,80.7597490965,83.153367707
102.847874011,102.863162216,101.219693383,100.287405875,104.899351148
4.99178460002,3.33910193555,3.27803977358,2.51562503143,2.8747830853
24.9672270704,21.421285718,24.812504159,20.4490453461,22.0702260081
42.4273888453,40.6027552005,44.4118986163,43.026141771,43.6075481222
62.4116406235,62.6759610562,62.0161289778,60.2306986002,60.4361058119
83.7704215541,83.9418598145,81.10091165,83.4949182795,81.1537974307
104.348675624,100.818939502,100.624678245,100.226063961,101.162855015
1.5748490888,2.09695239315,4.11271431534,2.72585715064,3.71463995031
20.4403326089,21.0118379212,24.8452790988,24.9375468498,23.962142198
41.3502608829,42.1062851103,40.5201706094,41.7695062644,40.652830833
63.7948882303,63.7484864546,60.532123864,60.7604252783,60.5508874472
80.2265671036,81.5070026049,82.4006203916,80.6918629659,83.9060420639
101.011969797,102.51188954,100.470089632,101.947860654,104.051377527
2.24266771225,3.81218542921,2.32423973878,3.43707922762,2.11288472908
23.1936068385,21.967806193,24.1782682794,21.3817412914,21.5445871054
43.5996324208,43.1020474419,44.4218106172,40.1904712016,41.3131903215
64.1401433644,61.1645401208,61.5048062298,62.4939627452,64.5910804526
83.1653100279,81.2409592101,80.0885533956,81.0944223543,80.0356226571
100.981004521,102.014060665,102.998008636,101.678763767,104.682036233
2.19994024722,1.9529848266,2.61756852485,2.85386207536,3.41118922872
20.2668516698,21.5255770272,24.7004368321,24.9155046134,24.6576407915
43.1408104614,40.6991308258,41.2984835694,40.8702214349,41.0800437249
61.6385506535,60.6517650071,61.7719774863,64.9288948338,60.1051536515
83.0717280517,84.3397272557,83.0325799731,83.0546580004,84.5639241977
101.693536585,104.605804514,102.846481563,101.402973134,101.377885363
3.3808552896,3.74198595821,2.65450454663,2.66620848478,2.73491200157
22.525793365,22.9290054635,22.8804651681,24.0344039174,23.8011785427
42.2040395922,40.3937214623,42.2091837957,42.8470203206,41.2560952375
61.5931047861,60.6725683582,63.5536002737,62.9303105465,62.5254099974
81.3902545588,80.2159369589,84.1992807148,83.1453964099,82.0964963651
101.508456559,101.094255996,104.738582694,103.40316578,103.506957115
2.7207046185,2.97106257385,5.01930147707,1.50854870138,4.82095736878
21.3297167072,21.4949973521,24.7217578997,22.2961529911,20.7292981258
40.1752268452,43.547611766,44.53891253,41.1584331099,44.4385744769
60.5308917434,61.7232516566,61.371938948,60.381719021,61.9401295932
82.6225535829,81.4281905088,83.5231907331,80.559376447,84.6258899828
102.921587263,103.604483773,100.560783948,101.585517612,100.450243187
5.02123593715,3.11490062073,1.5599694245,3.77037073671,4.48177374802
20.6701409795,20.3135872971,21.9550706783,23.8258115621,24.5563540873
42.7823319134,41.5185551157,42.7440782568,42.2601170332,42.687415326
61.0953504301,63.028371218,60.3435254953,60.7071518325,62.2328260217
84.0255508761,82.7594125821,80.6216862578,83.3363466352,81.6047878497
103.659495153,104.773511722,102.188861691,103.314609581,100.071051
5.28501987038,2.35300248213,2.23993182739,3.30444448848,2.94476358007
23.5029957289,20.1976402211,20.8972842394,21.4528008645,21.588720452
42.6846216926,40.6138727595,42.1981053411,42.1876330871,42.9749323969
60.6025486428,62.4254874093,63.9556872153,62.4830127387,61.0593429547
81.2588923339,83.4597864857,81.8094872787,84.5853902417,84.6006760023
100.158900444,102.862275165,100.071543637,100.24024941,102.726722388
5.04273888942,2.90011805226,2.75165917483,2.69501386802,2.39516892594
21.4987197785,21.9065953306,22.1912394732,23.2406460087,23.8622884485
42.1079927121,44.1494449553,42.3905659693,44.03664472,43.2225702283
62.4092096952,63.7008833783,61.3520135251,63.5021734811,64.6071138382
81.4146352047,84.151546575,80.3481145609,80.152621601,80.2451317485
100.404636757,104.016502628,104.570319917,104.195889022,103.280705376
4.59157172856,4.9148192849,5.28779785112,4.98086769414,5.01444144405
22.2657222709,23.2369173216,24.103479653,23.3971727084,24.4219486409
44.8764309749,42.6239823683,42.7461766479,42.9346485009,41.9677720183
61.9405036671,60.4055005769,62.3125758294,61.6957852646,64.6161766497
81.6232578387,80.7969926627,84.5650560688,81.9435649487,82.0514328444
104.479387096,102.947231948,104.812118908,101.227655403,102.70314009
5.02524913875,2.35047128839,1.95114881942,2.93691109688,4.24117931944
20.9150688859,22.2798842175,21.5063645739,20.7884629417,24.5520614858
41.9603333254,43.6263297231,42.4188689056,40.9177668947,41.8308844625
62.3490955258,62.3355638295,61.1960903847,61.7720636353,64.5143376729
82.0819105691,83.5405367004,84.306179012,80.2897351436,84.7813380197
103.995919342,104.121218669,103.399181827,101.039977107,102.530503192
4.42061713966,1.87739220518,4.30031159677,4.61789701095,4.95444254517
22.7771673348,24.9782090259,23.6453646905,21.6995080991,20.9849380898
43.8706992985,43.9182027292,44.6535512608,40.850690702,43.6641682246
62.4134496516,64.2155390717,62.0093971212,63.8269862962,64.5218710029
82.7157742265,83.5845905551,80.101279559,80.6317068654,83.3539521063
102.964546324,103.957033238,101.343843002,101.085010328,100.56736043
2.91731111028,1.85754803459,5.10536487224,4.25786240198,4.9915428598
21.6846135224,23.9759289763,21.6080142311,23.5395106456,21.7339116824
42.1165195691,40.5508297428,44.9868006657,41.5791097469,41.3717969083
64.2689832777,63.3682744868,64.9046758623,62.0892174698,60.5791041438
80.6671543622,82.6176290467,84.3758868258,82.5730256779,83.4988186108
104.811365456,102.478031486,102.469011852,102.065428716,102.943739957
4.65494738167,4.54070064343,3.71915514178,2.67494497809,4.67796936018
21.5667833217,21.5633329113,24.1551411941,20.7671107192,21.2370914002
41.4569423535,41.4818689834,42.357192943,42.4952679791,44.1043108261
63.0957366511,62.3849522055,62.4593634209,62.1758241322,64.7131890279
81.3095136545,82.0975888286,80.6403342034,84.8774091502,81.4160663702
103.72575876,102.421429153,101.042349043,102.172591682,103.815342061
3.60079951763,4.37152274404,3.54850336817,1.79557569906,2.37635395987
20.9510601619,22.6544193751,20.6668119118,21.214664912,23.3664937567
44.938615369,42.7256582714,44.9477239164,42.2144240813,43.349202282
64.3321330766,60.1647824927,64.042325844,63.1027994764,63.6884899949
80.2092764923,80.4757389148,82.9336066201,81.6768398762,83.2463047748
102.180176868,103.668159603,101.973237814,101.336696983,100.258554055
2.45577825694,3.14561810766,3.59136315752,5.2385523919,1.55174955548
22.1984563181,20.7611020876,20.3196604767,21.8931893353,21.1761964779
40.5677269353,41.994373044,41.6594287959,42.2778622432,41.3692773028
64.8887584348,63.5312558868,61.9044819677,64.6124368419,64.3807573444
83.5828044307,83.4503367309,80.4567133334,81.9536172612,84.5286877474
101.221273803,101.625362745,103.549017883,100.105976845,101.276113065
2.48057452029,1.54282376941,1.50544805978,4.3613131555,4.39525716356
22.5608958478,24.458546427,22.2520280236,21.0140784816,24.8277876224
44.6451290893,41.5538789076,41.1314012816,44.8418266193,40.2693543085
64.6089849423,60.304500978,61.2821434114,63.8605898038,60.4090351232
80.2480783608,81.3104884114,80.2884272993,83.8555523492,83.0826619628
102.553394219,100.588882089,104.313968898,101.080986818,102.601792823
2.52498533968,2.2376314818,1.75477544959,3.31666725245,3.98834718689
20.1501465071,22.0251516505,20.7186710589,22.2000496673,20.5105861079
40.2702396819,43.6732550696,44.8848681315,40.8789054175,40.4474111824
64.8751084958,63.180021435,63.5346884548,61.147782103,62.5812919697
81.5300776836,84.6808283635,83.549522123,82.0251513925,81.0379453237
101.206510963,100.705796201,100.527114397,100.802833285,101.553400082
4.06975203211,1.86187277616,3.67105179983,4.18249458698,2.52623405711
23.7034819973,24.7525247027,20.5298030161,22.5421268544,22.6695591501
42.1541398455,42.1064347275,42.6979108049,44.9206799592,43.8880727052
64.1932684136,64.3641750032,60.3474788598,61.0517856893,63.004244064
84.2521724564,80.1489878596,82.4862834154,84.4602268758,81.7764615158
102.74662699,103.715391656,104.631901501,103.318513349,100.753344774
4.43172335815,5.26306416358,2.16423815955,3.85252517756,4.52644392837
24.8913342552,23.8946398576,23.5982626503,23.4246491813,20.7882151115
44.4020347642,44.7456540835,40.4318381735,40.3596025283,42.5914640545
64.2438812458,61.219838676,60.1076199692,61.8446036011,62.5842849607
84.4023542036,80.0550105029,82.7545295597,81.8851238247,84.2828444609
104.160117994,100.950859822,104.853056376,102.953305072,102.092477025
4.78040585007,2.39545194835,3.50298583903,4.40027773397,3.89949690749
20.1998806919,23.2895642566,21.9937196986,23.3435607455,24.3536827884
41.9364979645,41.157317425,40.5852896969,42.5509384593,41.7066735583
63.6997753472,62.3349265138,63.8814169495,62.7116295268,64.0396522374
83.8658330302,83.2393716107,84.637656204,82.8334295963,83.9101718369
100.47611264,100.767802941,101.877962022,101.928100494,101.392726765
3.04857073975,2.90257664053,5.16911724857,2.32112334357,4.14151799051
22.6995808119,22.250863864,22.0282466155,20.1682574194,24.5650695038
44.6070954328,42.9068173962,41.0713881394,44.0651502408,43.8643267462
62.8612730866,61.4742052137,64.1587832834,62.1858530771,60.9324736807
80.1467806908,83.4460473994,84.5993720281,83.4321139311,80.7737753103
104.953919303,103.068344601,104.395210867,100.121890803,104.728553284
1.51781340901,3.97811998086,3.28549012097,2.19083549661,4.16775276049
21.9955491861,20.4528757343,20.8157873252,24.7762593207,22.9303766957
42.3811384193,41.6018534378,42.1373129793,43.6724023947,42.0842283592
60.5335485727,60.8629973715,63.3949725335,60.6637640827,64.331410365
83.865328203,84.81057859,81.3702619299,84.2503769952,83.9068800272
101.66253832,102.145610082,104.743305775,101.418075282,104.943657324
4.1047779629,2.25278450391,2.09613374797,4.16545146528,4.3852557991
22.4891967032,20.0817015008,24.1011247837,22.3996226976,22.3089851329
40.4011605211,40.5075966781,42.1215346737,44.6628814708,41.8352677161
61.4276665222,61.2147305516,64.7738844635,62.0641403344,60.3858383577
82.8092241233,82.2419048628,81.3453312468,84.5714033038,83.2235106095
100.580811874,102.901421949,101.552291131,100.003938952,101.758409705
3.77013263477,1.67955178002,5.20780994578,2.19246153763,4.19516080894
23.358384845,21.5202801076,22.5163221943,22.1828200236,20.5075506588
40.7333878407,41.0317557312,42.7961951602,42.4839747246,44.2654408864
62.4439071539,61.4653854056,63.4263126934,64.4275847716,62.6841582441
81.1998975113,81.3683108082,82.5118754027,80.459376764,80.7480414076
102.10157492,104.413683384,104.799826677,103.360618311,100.541520108
2.19867178729,5.01973959239,3.16870744161,2.77902171171,3.60995667288
21.69934843,22.8375868192,24.2355051101,21.3548051799,23.4047908582
41.5057101023,43.125222092,41.4434208151,42.2448573274,41.0428720884
63.587337727,64.1540403753,64.1763725065,61.0857445801,63.9779328664
80.8001046669,82.9271707074,84.2417015074,84.2438834949,80.6478620768
101.770837132,102.841520639,104.670543861,100.199301341,104.711705167
2.95084119241,4.18672925834,1.58175230081,2.71537685291,2.43348310875
22.6700482778,23.958309314,21.7061403043,21.7072606773,20.1064205536
40.0188227875,42.5401354764,44.6849541997,42.74112659,40.3578789332
62.3728268942,64.0039209521,64.9812312205,63.3361668677,60.2082535104
81.5031307916,83.4111341785,82.6739297214,83.2459865521,83.3332421632
101.328861962,100.487093413,104.216949771,102.229591732,103.994789879
2.8604646049,2.91187073116,3.48021653642,2.80448267487,5.04878611821
20.3180723808,20.2705376857,20.0913157991,20.5906422132,21.2635051552
44.8702580437,40.1873485081,42.424266683,40.7477712562,43.8215586461
62.8220552403,63.3489567575,63.2406531455,61.9671671862,60.1899023732
84.846927688,81.7358677926,80.3402882253,83.0823159742,80.5705331986
103.921653828,101.282003444,102.203686081,104.405386833,104.760996491
1.62164905631,4.01783427941,5.1891365826,3.59062370823,1.56774645757
22.4926873788,23.4562984065,21.8522465676,23.2913192313,22.6763872011
43.2941241025,43.4544300972,41.8406133664,43.3415195094,41.7246868191
63.9853551768,61.5665453917,64.8015008641,61.198612043,63.4920003737
81.4332121657,82.2258511953,81.382578881,84.5094270442,82.5387148364
100.23808051,104.45140399,101.345605975,103.425341428,100.502520193
3.58965666048,1.70390258554,3.19322008002,3.2211100409,2.8150069184
20.1001564244,20.9045415365,23.7482379841,22.5397997344,21.7975061542
41.3311671759,43.2335889706,44.8993759528,40.1585377177,42.379307825
63.8441200562,60.5429638148,63.3357725878,64.6201757344,60.925731616
82.1824299404,84.5850898439,82.8338311842,84.8820886525,83.0729329249
103.401223386,103.813442336,102.972983779,100.540737045,100.888387964
4.08705636646,2.78556021547,4.63870666457,4.9707621244,4.87181065924
23.3695670372,23.299094465,21.7731212751,23.2295117947,21.3502238264
41.9160790429,41.7881029032,41.1911001992,43.6197358706,42.0147924708
62.5820437024,62.918980684,61.2306497616,62.64655922,64.5616155739
82.3676126455,81.0855605458,84.5129000133,84.4918004366,82.5571089956
102.583713604,100.819399933,100.472382571,102.025155632,101.332989445
3.93895810176,4.89106976366,5.26010703118,4.48216258832,4.43504958241
22.6008234647,22.7671164411,21.107540938,20.4335255302,23.2128603806
40.6667061371,42.1499614803,43.8448063707,44.9473770058,40.4559968134
62.031844203,61.0885401863,62.644240158,61.9193719455,63.229903387
81.5870321542,82.908254445,81.6026505961,83.4819871344,83.0405248732
100.871518187,102.963961467,102.737108716,104.118095341,100.466858215
3.34195091646,2.28457319526,2.55291641951,5.22212660318,4.00373513123
20.6257894666,21.9678426416,23.259970562,21.1060765968,24.413625268
43.0473852377,41.5796229663,44.6735889569,44.7947748236,43.8548784896
63.6417028799,61.8412738905,62.8750622664,62.8985393592,62.2513308767
82.6447941974,84.9243112139,84.5696758738,83.147545699,80.9081616752
100.107745055,103.082275368,101.818954595,100.475729884,101.940037019
4.18191224269,3.93168298254,2.12269246784,1.7520728226,4.67816890261
21.0158679812,21.1572882029,20.8416556579,20.8993689327,22.5173474859
40.7904609058,44.7233729497,40.1564964559,43.4847155607,44.4717377282
64.975701699,64.6293697308,63.7348125209,62.9339054724,64.5061160301
82.48883458,82.1594287865,80.4782809016,83.0081410249,82.5264308899
102.880867295,104.922564093,101.264337317,100.301547218,104.510328625
2.37923641825,3.00563578186,5.11991812522,2.76157822673,4.13035658283
24.1856274418,20.0561863685,20.1628710452,23.1132623587,23.2105198322
42.2735371287,40.2284548488,41.1157687239,44.1920325574,43.2614952918
61.3055509096,61.5773750943,62.046575674,62.0365427445,62.0736558206
80.2934309884,84.3116402268,81.7650471365,81.9734558832,83.1572348151
101.382133973,103.675499493,102.439612935,102.025733904,103.915290564
2.58178907834,2.80190077378,3.05049677458,2.19604889566,1.79318771808
21.4038815794,24.553342176,23.2306536834,22.3609181973,21.5619097888
42.2077180821,41.5126447468,41.4519652174,40.8178436476,41.2741705924
64.896414768,64.7932149303,63.6657518144,63.8766672183,61.5159775507
83.1347010167,80.6897460198,82.9003868884,83.9136571304,81.7288194711
101.708841135,100.274703635,102.417723781,103.701135622,100.879758785
3.51400240195,2.15441916604,3.8597326859,4.12533949557,5.10338295926
21.0893399938,20.7143535493,22.0279822274,24.0395105451,24.263509369
41.2522930427,44.2075447585,41.9373579025,43.0453517318,40.2036775318
63.7906594765,60.3902195611,62.5885108868,63.0472936914,60.6680272996
84.0893571168,81.5705886432,82.9372950935,83.9324670509,83.4257128213
101.014077132,102.786786223,100.541759564,103.055538762,102.841309226
1.56642257759,4.24504085252,4.76544096813,3.20379871999,3.55071195437
20.1450213692,23.2724749529,22.6966838694,22.3743597602,24.9738147663
43.3003316308,44.9111702689,44.2629702195,42.4668900862,43.6856877415
63.2865327619,62.8564807315,61.499105296,60.3879775872,62.3660826585
83.4074027706,84.1648623818,81.9114251151,81.2427806548,80.4593070552
104.031804501,104.978342548,104.21654825,101.571302074,100.607962046
2.22472270317,2.16682816586,1.55364595275,4.82395276931,3.61078358165
21.8819995722,21.4884990128,21.643113302,20.5023175181,22.3379357572
41.6222570621,42.5819416576,42.339210893,40.0173391109,41.386883173
60.2870991522,62.8696416398,61.2451935039,62.9920017572,60.2953195232
82.7713122509,82.2316014489,81.6024103883,84.1456848739,83.9544870207
103.93150768,101.667740842,101.47911367,103.556446533,101.70269248
2.65992212768,4.33341050917,2.89925754502,2.19745611533,2.21610679789
23.2976478493,20.8900155779,21.8976940947,20.3618422185,20.7504315255
42.8835368138,40.0733433852,40.2136930146,43.1692300466,43.4038086352
63.4556111055,60.3684741883,63.8288821702,61.6494192841,60.3111974028
83.4477968468,82.2101610028,80.5893780588,82.4655315941,82.338830931
103.431704117,101.67849655,103.193049469,101.334275396,103.568772388
5.21649578992,3.09144049017,2.14411970147,4.95408948992,4.11653342492
21.4813633392,24.0347340532,23.5553315135,23.710364555,24.6615297737
44.497564103,42.0356805085,42.5342691364,44.6313355764,43.604016951
63.7553688536,61.382395041,63.5059797567,63.2103541269,60.3458346868
80.0228040777,83.5590033919,83.4161709588,80.8139001424,80.3997541672
101.613081784,103.034239759,100.0015252,102.134416033,103.654184354
5.27456058391,2.14722069888,1.62268068358,4.59530520192,3.43861557021
24.6657695587,24.3165394417,24.6936704888,20.1865143052,22.9934776223
42.0908771516,42.6784928488,41.450119546,44.0741426609,44.562436423
62.9747384565,62.6034622343,64.7319919159,64.2001722442,60.2163148167
82.891085672,83.1310746434,83.0872254739,82.2133583126,84.7886952622
101.854908564,103.12724785,103.89292134,100.979845209,103.877716364
3.49569516494,4.078079318,2.43246100336,4.02534155559,3.63089711732
22.3252593233,24.2456468755,22.9506168176,21.0491692431,24.3283144813
41.4255512759,42.0041985748,40.1439276872,41.8414374505,44.3755424471
62.6635292127,61.8144068234,61.2326806941,64.3972099405,62.6353754076
80.1371108785,80.6119959854,80.2373859911,84.2774419542,81.7557852938
102.908077239,101.596053648,103.992674839,100.338631224,101.038731182
3.07346814046,4.13691056613,4.65273839457,3.95032861637,4.55424747803
21.3361314487,24.4895331119,23.697845124,22.5824981018,23.0579863759
44.4828187914,43.6272865535,42.1462954967,43.9135252271,42.3676689627
60.2284965269,62.1706602864,62.8097762324,61.2973102583,63.4786113479
82.1604782601,81.0548114068,83.7734958942,84.458330113,80.5289680433
101.905677803,102.801871134,100.195829849,103.830237013,102.906724989
4.81047708561,3.93833637287,2.06273002853,5.20057454082,4.88471813275
23.4472782683,23.9565696978,23.6487775924,23.376432369,23.8051461476
40.9977385516,43.1700769168,44.0754914614,44.5532752145,41.6326882186
63.0638623484,60.061293751,60.9119464385,60.1510622168,63.8044540533
80.0320056853,82.7837197948,84.5717306366,80.4281699944,83.6658892388
103.07424919,102.055028759,103.507724043,104.381860108,103.411762644
1.79836334532,2.51410576625,4.58570535198,3.31170558181,1.63103110081
22.8678495959,23.4697465238,23.1603196593,24.2125972044,21.0371345038
41.9460379448,43.1182517683,40.5029605338,43.3362733864,41.246962206
63.6964279716,63.7756367315,61.2097660788,60.892980296,61.8274642308
83.5798801356,82.0777793194,81.5439825012,80.4018962213,84.1208166381
101.623419138,103.798101235,100.836895397,103.374187696,101.276980896
2.67201325844,4.74148346932,5.17001340871,3.57540108804,2.24477868573
23.7180973021,20.4992062484,21.1959076528,21.8586873303,21.7590511128
40.4566065367,40.3732217677,43.3429885801,43.8787891743,42.16034071
62.8103608476,60.9766289341,63.5718669834,62.1939010316,62.6110974299
81.4803240762,81.7436140944,81.829396249,84.2083615951,84.9400555473
104.537672952,101.755326788,103.414098967,100.885520892,101.328841225
4.76710842022,1.74283470034,3.32016641645,3.62163901859,3.0694258018
23.092825384,24.8977491887,24.9385653994,23.0065340985,22.2431032734
40.9778675118,43.0051506181,40.1849003862,43.7304801861,41.4298516361
64.3794650704,60.8883746427,60.1168574619,61.0064979429,61.6331828054
84.8220481909,83.3547343558,81.1690045994,82.8639265694,84.7469213533
102.342475994,103.717017667,100.469189272,101.188420348,103.742583533
5.07187553796,3.14274269183,4.42503525694,4.53190325587,5.24528756251
21.9434297093,24.6747437097,24.7714775706,22.4250019939,24.8553255959
40.6301771407,43.9230576299,43.4609839969,43.8695805734,42.6622465973
61.756435836,61.9971837413,60.2470176484,63.1646478644,64.093455372
81.2931581702,84.2741929566,83.569784735,80.1291752453,84.2377061507
101.287231098,100.804202973,103.498340711,103.393295888,100.227264532
1.75556880848,5.05342043934,3.33006928396,2.76335795603,4.94453448457
24.9600566104,24.1126687902,24.2096287934,23.7177830006,21.7124939181
40.8046865305,40.3612166601,43.9776071717,41.7635574773,40.0841387421
63.2035539895,64.0884002021,63.3604804981,64.6740257791,61.9253235607
84.8436037701,80.7858146058,80.9121724898,80.9140679683,80.7288803681
100.000859629,103.471464969,102.939720845,102.260724278,103.186229589
2.83148120622,4.84752569656,5.02819774856,4.17547547794,3.27313035511
23.945982545,20.1921600899,22.3761876358,22.9928051578,23.9635806705
41.9908612016,42.5667151409,42.573132467,40.3519398628,44.2789042688
61.9547385299,63.4137810052,60.6371833283,64.7840738838,62.2932479769
81.2166867997,82.9737012631,82.4743067478,82.2587242246,80.1702152371
100.3870736,102.24074726,103.994724546,102.092939324,102.820985051
5.2647127501,4.59821809441,3.65476243626,2.82225695403,4.31781108309
23.1972978093,20.4850793131,22.6710631971,23.3853454807,23.9267541252
42.0190085941,44.1857406601,43.9177069838,40.0113049636,44.781175581
63.9038212772,64.4143834313,62.0179980411,62.428759871,62.0539354709
81.9456953469,83.7120433751,80.0425841905,84.5657994123,82.579634069
104.383697168,103.05733487,103.796260952,104.134207065,103.592169658
4.15222476398,2.31372444437,3.06095410109,4.41420014231,2.54260880034
23.2536773637,23.3915692276,22.2346428177,23.6106482045,20.3338904846
42.9347313301,40.3368634487,43.5360134344,41.7913467824,44.1917030954
63.4862705125,63.6031825379,62.0584951806,62.7070602509,62.293714279
80.298865993,84.7785090447,84.0144292507,83.3992059532,80.045909147
100.201555128,101.992250185,101.566775544,102.450918202,102.541900161
1.94169517171,1.5067273921,4.9636287069,5.26745022204,2.37744616914
23.4975149168,21.4269781443,20.212204564,21.2081311789,21.8388084223
43.6623654465,40.102184047,43.3145259361,41.0414481072,44.3392781232
60.0342324089,62.085939591,63.7590226821,61.9002962718,60.9518394529
83.666370547,84.1392743708,83.8297167041,82.6421615064,82.3960105517
102.982941408,100.677004621,104.829350588,100.637547175,100.492011869
3.5647845088,2.31794485459,2.44871213837,4.18799559545,1.62646762921
22.4687898066,20.8615473059,24.1709285369,24.0057096947,21.9923112177
43.8192536407,43.2960184292,44.7843018363,41.0761467198,42.1327569056
64.6948734259,64.6825433568,61.8054541877,60.7388186582,60.2103560321
84.9273727945,82.9201844259,82.911944353,81.8079579169,80.2203964312
100.253604271,104.398827603,103.407022373,100.580045486,103.276912563
2.75222223365,4.59000298151,4.14827125785,5.08430310292,4.54562328446
22.4839127392,23.5292815604,20.6974017225,22.1916588783,24.1756956569
42.3828599051,41.7394742641,40.2103969701,42.8284630903,42.0753059897
64.5359303514,61.1752124407,61.1209832414,60.4025047325,60.261867977
82.7386041977,82.7956604317,82.8040211228,80.2896901012,81.2951065746
104.327757199,102.638238807,102.161867455,104.276523139,102.782661937
3.10041805246,4.46355097928,3.15183001453,3.72832340374,4.05948687865
22.5053310583,23.372901674,22.7794833296,22.3681881405,20.7680808763
43.6765034038,42.7679598132,42.3801713941,40.7379022261,40.4184871526
63.9154612633,63.4082397906,63.7387156382,61.7513478073,62.885622158
84.8523339479,84.6234292489,84.6740447357,80.3197580895,81.6200913298
100.800261489,100.921364511,100.781802954,100.103440101,104.56753051
3.13383312657,3.00927630436,2.91362210904,3.44578731996,2.97853456223
21.8276986101,20.6750914049,23.7855674084,24.7663952294,21.0212288359
42.3882725206,40.723997365,42.1829898581,40.4223474526,40.4824377513
61.8817086271,62.1473736898,61.2522328082,60.79427545,60.5191402985
84.110482264,81.6988815193,83.3748624277,80.2562533233,83.5476620257
101.311898547,101.750437402,101.510800413,101.557268729,100.827470186
4.08209601007,3.44016338445,3.64735207656,4.02844219631,1.9094542375
22.2285540528,20.4809591014,24.0445656002,22.5083502601,24.6150989286
44.8974142901,40.38152862,40.0932142349,44.9093049161,42.6988468641
62.6820325795,62.2726501866,61.917670177,62.1763852984,60.9932785785
81.0868853525,83.3373881972,84.8212782641,84.9422525892,81.5725992212
102.160282444,104.02882831,102.191609011,100.134012109,100.943437174
2.36698571297,4.01763199917,2.25617203924,3.6400037381,3.97105677248
21.3640253219,23.4563218082,22.8578709829,24.9954759401,23.8365533768
40.5018759027,41.5074963939,43.4082847409,41.8485223552,43.1982516402
61.8576503999,60.737887169,60.9094406534,61.3302578809,62.0058362021
82.7884049799,83.404623678,80.048491424,81.3783164162,80.4316584907
103.823405694,100.179778245,104.922831332,101.020730825,103.7379304
2.62082391639,5.09197472579,1.80615811482,4.45602259477,2.46040052274
22.5548822257,22.4406669762,21.8285822607,24.7286418339,22.7814715954
43.9072925393,43.7766722343,42.88924083,42.2742426862,43.9466211732
64.6506569242,64.5487378055,61.3409592694,60.0914997416,61.549089663
81.9197967041,83.9738387437,83.3339210069,81.2327080041,81.8765828438
100.372699257,103.201544188,101.092131439,104.329667708,104.305854507
2.59240099563,3.75959943171,2.5408057621,5.13913595488,2.06845228233
23.9048546693,24.5117881006,24.6607351176,22.9855951121,22.7988111653
40.6633200778,41.6515012381,42.2389683478,40.9378654138,42.6933410111
60.2694304076,64.7261372921,61.9761395143,62.1442020757,62.7882731644
82.6038463299,83.2851756739,83.7250973153,81.8796450878,83.1235503004
104.136738224,102.852292602,104.145531938,104.362150264,100.222650036
2.06849102123,4.19806558405,4.89759429512,2.21713871362,2.07932754433
21.9845050086,24.9299224404,20.6310936445,24.935429746,20.3386887549
41.9603414417,44.1228962147,40.0246886554,42.8602658266,44.0743043398
61.6826208196,64.2578749307,62.70492985,63.4717382893,60.203120729
82.2625642476,81.8621601318,84.6176148538,81.7775384409,84.4540452152
100.252925383,103.451978393,104.750053636,102.29500661,100.811353583
1.97673154203,3.58093552365,3.05096438354,2.9954235362,2.14938171022
20.1712210721,23.6015303957,20.4272087572,20.2033757784,21.4713707396
44.7849330981,41.9107413154,41.9418305732,44.8544855767,43.3778083058
60.5707962295,64.8293039696,60.4950553533,63.8746381302,62.2380081996
82.1965416405,80.2786403602,84.3343622185,83.6483502627,81.0959562399
103.778721775,101.112975937,102.951835837,100.623796304,100.715323056
2.86468809996,3.42868875406,3.47504870208,4.19122199613,2.79701676877
22.8598272407,22.9417556155,22.3710150583,20.3089893359,20.553059781
44.2384560633,44.7675308057,40.860242473,41.5754992787,42.1984356776
60.4617985493,64.5136731764,60.1351794821,64.8115762356,62.0921662828
80.0876790446,83.6940993813,81.360672247,82.9145875944,84.7584860014
103.14392703,104.041658332,103.35138839,101.939661964,103.832085351
3.08991998616,3.34634278946,2.60667728326,3.6253864549,2.32037267846
20.8845637505,22.1833659648,24.8935190898,24.6487436652,20.6878696589
41.0862173641,42.9453832296,43.8023596632,42.8620172465,43.4399650906
62.1658178358,61.1125651772,62.628178738,60.7070261601,64.9539197873
81.5607762355,84.0358937001,84.5169879131,84.796429353,84.5224817643
103.149671586,101.563373904,101.53968743,103.759910416,102.636321582
4.57856315111,4.26669924875,3.37112153634,3.12082830237,1.65743575998
22.0655680539,24.7569242165,20.4458138231,23.3935874793,20.7168071434
41.1127701778,44.7825743459,42.9200036436,43.5847215131,43.216024071
62.7131381427,61.2529700859,62.3540321072,61.8949787735,63.5662892683
81.8369117403,82.9282162148,84.8950272057,84.4108463129,82.8361908933
104.374673205,100.873113566,100.176411495,100.11297064,103.054297177
5.19524211725,1.75484586397,4.45649648131,4.58356489004,4.65439249805
21.1321429692,24.772363409,23.5718720208,22.5763890402,21.9654796288
41.311921919,40.3470755093,40.2754665767,43.9645517502,40.2663325943
60.8761554728,61.0056691187,61.8621837494,61.7254997993,63.3657196219
81.3833836258,82.0915575502,83.3029177084,80.4755776678,81.7321972763
104.810146117,100.113993631,104.785922778,104.00405914,100.763920646
4.01566177201,3.13951085765,4.47880721395,4.85733517815,2.87080925789
20.2067925792,23.0056618765,24.6012959875,23.658015765,22.7374356425
41.4373748241,44.3255448226,44.5203958288,43.0040508523,42.4757255505
63.929468816,63.5674237116,61.134002157,61.0247802113,61.4466841858
83.1521989527,80.0354091529,84.5469308006,84.8561368571,82.0022430436
101.449613689,104.605103386,104.170281782,100.649141369,103.820270189
4.30034125105,3.54054422114,1.96910443581,3.82045764403,3.02055272106
23.2765931136,21.1015512754,20.2863256204,20.1084259823,23.1201414899
42.2254082242,42.7827075792,43.369057542,43.412887176,41.8089162455
63.7461835925,60.1042250552,64.6035386472,61.8405530104,62.1491755827
83.4550840903,82.3537598478,84.2907552379,83.2663968344,81.9741891689
103.537334385,103.790922834,104.754373771,104.43399336,103.917967316
2.15188837542,1.91188392841,3.63663064395,3.17797536766,5.23273925141
23.9279225362,24.0793777141,20.449127107,23.9008701322,24.2686746925
43.5188277979,41.0169586989,42.6261520235,43.6613334101,43.5382117665
63.6875094167,61.1984197142,60.2317572887,63.290784737,60.8334455916
81.8170870304,83.1138343888,82.4583094674,84.6196467728,82.9873999589
103.95164767,100.298795452,100.512240487,101.547928736,100.395629033
3.40989524357,4.12550448726,2.54505442802,5.1303574229,1.81069092242
20.3499949421,24.5902527874,20.3821770378,22.4989077424,20.4446709313
40.8323450295,41.8468340541,41.6430925386,40.9780246104,43.5508692824
61.6650297143,64.2395378805,61.0935661821,60.1246934365,63.3893543896
84.2453200432,80.0851605718,81.6418013544,83.7898990004,84.8682073271
100.263427889,102.726649559,103.285194619,101.830037585,101.526761511
2.97197898573,3.87198193167,3.17185109621,3.24835124787,2.74535434485
22.5554706304,22.0672404557,22.8990482009,23.1267994525,20.1336500295
44.3107813666,41.447852453,44.5126380972,40.5658242499,42.1759135356
63.6198521937,60.6246936803,62.7167168568,61.074866402,62.6293903328
84.9838914985,82.9900848434,84.7807908781,80.2771019551,84.9307929252
103.450831787,104.494528536,102.056238341,103.04705121,101.145731553
4.04031804741,3.06111231427,2.37257780087,4.47745749836,5.23548213505
21.8041526061,21.7948816732,23.3042721527,20.873213082,21.0632339715
41.2130319574,43.2675709492,44.2953997305,43.8413301777,44.2582114908
62.670788753,63.0606154937,61.2566975013,63.6748049526,61.4710296899
84.2914754243,80.8886740913,81.9206430473,84.2421924716,84.4128704927
101.031410773,100.347419424,104.349102919,103.545574156,104.114125079
1.53036077381,2.82500664499,5.27611715216,1.92162156074,2.82503985395
21.2363520593,23.1674397495,23.4690739341,21.4616949867,24.8551523234
42.8315778486,44.165932663,41.7608378588,40.2496717082,44.8304509454
61.7697191165,63.7163792171,61.9745158452,61.9119963071,62.2939108302
81.2816074841,84.43757838,84.0998752142,83.1035945012,80.638769332
103.006196681,104.593222001,102.878866199,103.372740401,104.4530032
4.71884104667,1.61922736462,4.97000062003,3.91538676306,4.51708564096
22.8462516073,24.0888335994,22.4412754842,24.3589394663,23.1852722516
41.8064474239,40.4165422407,41.7546057641,43.7463389638,44.5150791461
63.6868105277,61.497423424,60.4899732958,60.4028743659,60.9824417278
81.0543043976,84.7071203122,80.0093814408,81.6150999054,80.9768820558
104.862286854,100.576150498,100.120647681,101.235993894,102.593123352
4.45043313513,4.93712626631,2.48711594907,2.93747989315,2.17547679453
24.5091742289,23.8283178573,20.9584576706,22.8419280544,23.3244461415
42.059464095,40.3838682436,43.1145928788,42.1099201096,43.3143350409
61.1529548808,60.9304388895,64.3815079115,63.6909076731,60.3965292071
81.1994523096,82.3729313033,81.3040844408,80.1540599878,80.8693464339
103.946436391,104.917285737,100.167515828,102.864184066,103.823070405
2.07901080881,2.33905181001,4.92236727412,4.94523460304,2.31500988828
22.638746677,21.5829086524,24.170164474,24.0190624273,24.6278597412
43.0951321476,44.2241460103,41.1381525493,40.9324778987,43.3402280608
64.4106488331,64.3161619264,64.9538002731,62.3110139001,60.4534561566
84.0241826238,82.3677168551,82.7376315911,81.2180869466,81.9955307055
103.251898605,101.094877027,103.31395994,104.135363997,101.089774466
3.23202147337,4.25743083588,1.61546321812,1.89199767445,3.95392981827
24.2220343158,23.3333012966,20.458977487,21.8059303623,22.0661209932
41.3598115993,41.0836362169,43.4381381957,44.169874157,44.9285755192
62.320477141,60.0081230341,63.6141272305,61.1151261476,63.2879762853
82.8195268938,83.746826335,84.939459159,82.6674971661,80.0311381145
103.450213003,102.402392599,101.237529982,104.460479073,100.922094198
2.19078556401,2.19535363852,3.06737421909,4.5308741636,4.93753392382
21.673455738,23.5653410144,23.0708391383,20.6604428017,20.5983331217
41.2014041059,40.6988880374,41.4484605623,42.1681417161,44.7405289352
62.6818476656,64.9607800141,63.5062435187,63.0290527733,62.8403540365
83.6893517318,83.7488781227,84.7121180422,83.299125613,81.9161716682
104.804728578,102.993406288,104.826159095,100.932684412,103.883148483
3.20958202202,4.79442602322,3.02760537658,3.14494187873,2.86156272182
20.9976690469,20.2940675986,22.4940827689,23.8405678739,23.1180132681
43.3403952629,44.8700207722,42.4593159472,41.6931199312,40.11034499
61.0461852091,64.671544488,62.0115024999,60.106232603,63.8107861226
84.3796243152,80.0177975987,81.3085646939,80.7175262615,81.9979793847
100.777316468,101.731918868,100.922444971,102.857657819,101.224621978
2.5489205754,3.03268190618,5.26826053686,4.32880522432,4.82996460274
24.7333998357,20.751410074,20.1921103448,24.2350702737,20.8438133992
44.2843647514,42.5239328597,42.9054500928,41.2383562255,41.8958864536
63.2842125891,63.1178447626,64.3322254626,64.4234312348,64.4786314765
81.0405592119,81.9819207084,80.6995750451,80.1899731395,80.6686436019
103.282726303,104.978532397,101.498912712,104.150909849,100.555576127
4.3199417014,3.06066100794,3.79149069838,2.53596862832,3.52517794492
23.1536087303,24.6432619703,21.4243029117,22.3116938445,20.5745364657
44.9118617312,43.375897203,41.8865743477,44.1614398848,43.1082288558
61.1756506546,61.5199600602,62.1139464666,62.3117064934,60.3829954511
83.064793547,82.0999736539,84.5733601838,81.4296602248,81.7704702673
103.085635464,103.671134003,103.911655848,102.765529059,104.626695623
2.54210920442,2.71323329379,4.37764407753,2.36409115864,2.59796114916
21.9483357716,22.8694149643,23.9462582232,21.4471105665,23.7808731237
40.874211777,43.6695990622,42.4021721733,41.1577080244,42.4921194142
60.1370537357,63.7853190901,63.4978139345,60.5505661856,62.3761307325
80.9767416711,84.0654570653,80.5223976017,84.1936468271,80.2617769431
101.310814768,103.869307026,102.036310254,103.72526968,104.351741521
3.95586576203,1.58956929425,4.07621986933,2.58465061978,5.28053395737
22.2773169056,20.5032959421,24.5846732014,22.3508855007,24.7134385909
44.2763179073,40.7751734842,42.3696191847,40.3469675572,42.4509208094
62.6951726435,62.3172105087,63.9923482858,60.4741673548,63.0933264772
82.5958634539,82.5660758778,83.0387493362,81.9806981592,81.7983767551
102.000790934,104.730890225,103.826179306,104.282715823,101.08094807
1.60693453529,3.90017265881,1.65989891821,3.43008533491,2.21685704648
24.261673163,23.9918466581,20.0446622223,22.3051518009,21.1122432277
43.7198436126,41.2160340932,44.4222146982,43.6308025054,42.3842837444
62.8625966264,64.0400321283,62.4007796514,63.6178301304,60.4427623749
81.3652427514,80.2139662632,81.9992489967,84.1587621929,84.4616451916
102.649232841,103.37487429,100.568601502,104.712566906,101.876684772
2.97739919125,4.51887846412,3.53422109287,4.09104699004,4.64293158926
21.4083431043,20.3906668991,21.4270732121,23.8181003805,22.8715548552
43.0688256925,44.9793859848,42.1026688813,42.0634065921,43.1596887602
64.6371404076,63.7168590297,63.9913357348,62.7002650895,63.7995776898
84.8013199473,81.6646787869,83.908202671,84.0626031629,81.005837064
102.270693051,104.88264982,102.978931622,100.906527172,100.22141517
4.32046707924,5.04307910911,3.38480508742,3.82008338034,2.10573338036
24.3748073122,20.3409256477,20.3405330996,20.3962025246,24.1122118815
44.3206358878,41.0596279638,41.2360358785,40.981438841,41.2695272738
64.1436807672,64.7168170739,64.0995710935,62.145166639,63.0793561017
81.9729799322,80.9749086984,80.0024184165,83.9911091736,84.5526914182
104.500100319,102.441644406,104.571025305,102.621446387,101.907781879
3.01782328324,1.95927921408,4.63056871506,1.67898286907,5.28591635767
23.4778186837,20.5790782212,22.2795486907,20.4362259478,24.274184492
42.5673085793,41.4184329581,43.6236840276,40.5452744349,42.2309222279
62.1242154298,60.9718370237,63.088014359,63.1152957407,60.4750732242
81.4238596932,80.8751463729,83.4529210582,84.800465234,80.1716781568
100.418347614,102.265602812,101.956442326,104.571257376,100.550584192
2.21232188637,2.22232932352,3.91698066768,1.6802207105,3.50183314355
20.3796089109,23.44279721,23.6480408131,20.7175055775,24.6059513322
42.621766199,42.0239958098,44.6448258287,41.1834745693,41.1006243689
64.5287454974,61.7996457707,64.607559653,63.3532045731,61.728869335
81.110783344,81.6662390193,83.5685474336,84.7777407285,81.7246549338
104.541583588,101.359578165,104.169797942,102.294394713,103.460396659
2.37469846403,5.13588727417,4.86833108722,4.53433924516,5.25321594937
22.0168147185,23.6078103103,24.3638920909,20.8361959397,21.8584863443
40.7655882349,43.6727346407,41.1209750803,42.0781096057,41.6905543225
64.2568898382,62.8397400899,60.3911041265,61.5083062816,60.6267334748
80.5054122601,82.1986021734,81.7893879373,81.7199629425,83.6526218445
103.373103097,103.829046867,103.688097782,103.050135683,101.594337082
2.64365806302,4.84798204327,2.01617575926,5.22623131025,2.34891838097
20.1730649071,22.5937966732,24.4286841906,24.4334784425,22.1003388205
41.4845038018,44.8242543641,42.612755194,43.4538264241,44.5976671777
61.8342646692,64.7173716893,64.7113975987,63.6075834675,64.7263919535
84.2567342294,80.2017779732,83.9749052754,81.9451897913,84.844429635
104.722210576,102.294984112,104.11387361,104.282312796,101.726309097
2.93429877815,4.38651385064,4.0764708066,1.70049829032,5.13101849147
21.8384597374,22.5517923799,24.1712100081,23.7074834054,21.1174992715
40.3319762784,40.2878892672,43.8903088016,40.1987726276,43.910594305
62.2867065874,61.0000311044,60.9503766648,63.1898400494,61.8843728422
81.1256678181,80.644537868,80.1378705302,82.2930170143,84.3777617792
103.005861976,101.128892171,104.097279057,103.866702404,102.168718305
2.41918639295,2.87318808435,2.66009772317,1.8933417004,4.95716357484
24.0785624651,21.6436696671,24.1699145554,21.5956678173,21.7004883802
43.8188943949,40.7318307027,40.5432402587,44.545104638,40.3050967102
64.5852757252,63.0992615229,60.9239453878,62.5640674172,64.1607821029
84.2871041931,84.7719736661,82.778611481,81.9668407236,80.9442312273
102.608125454,103.312496761,101.923510523,104.60175237,103.025501193
3.64391628997,3.31727704361,4.92197452007,3.74591828539,3.53384438371
22.518775017,23.5979491992,22.5500561067,23.5881619257,21.0999633278
42.7235321343,43.1938593651,44.0055157927,41.4834322927,41.8349140636
61.9224239129,60.5759022668,61.9490067902,61.3300952087,61.0700487741
82.1585408914,80.6959570383,82.883647717,80.7346721467,84.7322723775
104.300036026,103.792447161,101.827553176,102.435290052,104.999736238
3.08925577108,4.8802579425,1.9684903748,4.38225478498,3.12654708315
22.2559959029,21.950254142,24.9416691688,24.9118573297,20.2191680877
41.165118374,42.2502227486,41.16535115,44.0385742557,40.5541359745
61.2834744012,64.1100559604,62.6339877337,62.0848233765,61.817090614
80.5698007013,81.7356620774,83.5137126559,82.2772305108,82.1021897366
103.190970821,102.497719512,100.451422276,101.382121286,103.441928567
1.95749299742,1.98011022427,3.55320473993,1.97101591245,3.60000324622
23.1107275047,21.693510952,22.9255829088,23.9734595638,22.3227164541
40.8118284825,44.2973841881,42.7445128555,42.1456206282,42.7176698476
64.2536592886,61.6652316186,61.5890838542,62.8038284439,62.9095598408
81.0178680782,83.4846796128,80.9581538308,81.7936545678,81.7397534083
100.557720819,103.599636207,104.729179378,102.264699751,103.398194127
2.95945315598,5.26077760019,4.25299183811,3.09728287049,2.31787198494
24.9027173181,21.2949708119,24.9251773135,20.6080588992,20.4781163439
42.7021860957,40.8633963439,40.5159960992,40.3598261559,41.3282033859
63.5510455655,64.0232335912,60.9797026142,61.5640234709,60.3513179269
82.2696641265,81.609769248,81.2577158252,84.9023625824,80.0830953892
100.099118132,103.661290864,100.366745997,100.617962427,101.72201118
2.37092393952,3.4840756837,4.07628623034,4.13925397703,2.93853665563
20.8043878374,21.5160686431,20.58092795,20.4110566018,23.4817767709
44.1870568183,42.3816835688,41.122092314,41.3532345365,41.6770399963
63.4208545033,60.6339933486,63.7848214963,63.4685402272,62.6135545017
84.5985766808,80.6917307602,84.5974313016,84.9515220388,83.6058122176
104.718530472,101.305461582,100.580650779,103.009771698,101.73676349
4.88582601871,3.80339891621,2.41755010362,5.07618682196,4.97133283442
24.9609785835,21.8044277426,24.9251149194,24.6460083839,24.4228501213
42.392054427,42.7806215559,41.0004855265,43.2187453715,41.4184756989
61.3631691114,63.9007136391,64.5450191655,63.9278854713,62.1420798335
83.0513019334,83.9736738691,83.6008189627,80.8652712791,81.3281867957
102.717906779,103.595269892,100.952845913,102.988173674,101.928578903
4.33774414585,5.05699239417,1.78516567001,4.07271767625,2.5493006442
23.381810203,21.3917557079,21.8111042315,24.9360870235,23.086894386
44.0166042552,44.9038823537,43.8053426344,44.2907834983,44.9051687817
63.763104434,62.0919245966,64.5922157841,63.4350144664,62.6881029694
80.8357162854,84.6924016971,81.7244256749,80.8824197183,81.1924478013
104.030603575,103.930301669,103.302093847,104.687252437,100.42022774
3.73387292241,4.50338404469,4.41274590941,1.7347356068,3.01071660186
22.1392006434,21.6335538196,21.9706345965,22.4973238179,21.2002004486
40.6072104922,43.763929283,41.5473701084,44.0482708916,44.6219590602
60.3397233232,62.3321740925,63.9336979184,64.4509854232,60.5346295986
80.9362069037,81.8142383572,80.9144517782,82.3800655504,81.0876241547
103.559947572,103.726236961,101.371835946,100.353700788,104.408161077
4.72451937316,4.31814405437,1.98948280244,2.4522285486,3.33486732525
20.5378953235,21.5609763338,24.1579571064,21.0470913841,23.9988157217
43.6625365086,43.0765116133,41.2580161274,44.2186875475,41.133718479
61.820952727,63.9619648918,62.8319891253,61.4856741926,62.5759680143
83.6928519721,81.080078729,84.0681209217,80.5169620905,84.8821881157
102.314716012,104.245336203,100.753621995,101.089532257,101.355335759
5.02245118901,2.17057818256,3.71459600549,3.60863754408,4.91980426453
23.0111437159,23.1440121674,22.6912373129,23.940549802,21.5106659691
43.7033302123,44.0034568154,44.3308668647,40.2570326817,43.6666040135
62.6020424733,64.1986035206,63.7650372485,63.1389857317,62.8976621017
84.4654337381,84.7252491884,83.918184943,81.3275413183,80.1028768948
104.586529235,101.55815873,103.26275235,102.106656891,104.28478601
4.92034669494,2.18109292647,2.84589917787,4.18615073431,1.98454599232
21.6192475129,23.8769850727,21.3413101518,23.432246291,21.1300284276
43.3576806228,42.2177204682,43.5212548749,42.1336763361,42.6650606126
60.7323682999,60.6428766761,60.5186398397,60.4806122885,61.2171680397
81.7089434225,82.7966567925,83.2617173007,81.5096121555,80.367590107
104.887437333,100.873451903,103.108813655,100.855189808,104.863361079
5.29902528274,3.27847481458,4.71340542914,4.8004708643,3.76943126303
23.5651784648,24.9659608408,22.0070700943,23.904603988,21.5436086736
41.3080744422,42.7454624489,40.4437291523,43.8040290171,42.8403835336
63.3453282744,61.3754424566,61.1629548213,61.221000672,63.0118836549
80.0318954388,83.460224042,82.7873908887,81.5149242595,84.5758375422
103.831185658,100.425479601,101.96025059,102.815599628,102.197367143
3.45226502615,2.16530537676,2.65548716775,2.2218941429,1.98212760367
20.054615297,21.7649599295,24.0216563336,22.6799929252,21.6672442078
44.0282059931,43.0577848361,43.7037425188,41.108998683,44.1537173619
61.9644678946,64.0293723519,62.5835134493,64.5386998107,62.2651127296
83.4268496166,81.2120240533,84.0277156184,83.0589975508,84.2824014608
104.447045237,100.55813606,101.32324475,102.837211868,103.714049082
4.60675175333,4.72366814355,2.97575053791,3.01568512867,2.79850370292
24.6291184559,20.541341072,24.9349139937,23.5570533084,23.6284657799
40.0851450725,40.4347350802,43.6841295467,41.1695058418,42.984701778
60.6774803133,63.3179575532,63.5524408093,64.1392191494,63.7031607806
81.2919838286,83.0731510779,82.3429664515,81.3622017965,80.4123329446
101.484454806,103.531830999,102.578324056,100.524139781,104.578781605
2.56137440652,3.04968830024,4.15348761591,5.14854170596,3.0481027738
23.7305920557,22.4018381108,23.6143093755,24.3404738415,22.8883576206
42.1154341414,41.141928908,41.3096921094,41.3448463843,40.823828389
64.7150381463,64.8695368397,64.4665404604,62.998616021,61.9735809781
82.5801016709,80.9266275442,82.2537475672,81.4576908662,82.315494312
102.9749605,103.184779322,100.601582716,101.43233782,102.751226212
4.26929079743,1.58898514566,4.57917054339,3.18351982775,3.58742570279
21.8962721341,20.4953503306,22.905382805,24.2626430717,20.5645486397
41.4174998967,41.5777466878,43.858307113,40.5081836766,41.0577443273
64.8654129317,61.2226084413,60.1256343055,61.3141623176,64.4956601511
82.6531276245,82.311911751,84.9572003962,84.1775580661,82.8849842447
101.274427211,104.812744458,104.548495833,103.909340656,104.976042488
3.791070552,1.5764685898,1.76478732837,3.25768974168,1.59721766079
22.5554558087,20.4385776588,23.9513199459,22.053289155,20.1371791951
43.6889740884,44.2922271039,42.2339854863,42.2384139493,43.6339045266
60.0262260943,61.5097810167,60.2864029738,64.4897593651,60.7837418865
81.1608573577,82.2093300378,82.1257843434,81.5898008733,82.0146966498
103.32956338,103.685965239,102.269451038,100.729564724,103.487652939
4.02909728333,5.21097629011,3.64449124662,2.79036057184,1.51091487107
22.0505344065,24.858102844,20.435438476,20.8876254858,21.4418122362
44.1566376896,43.4275172578,40.139069076,43.0129438312,41.5269755661
63.3435336645,60.7394098135,62.5069054002,62.3146241068,64.6617827646
81.6343864525,80.3566034991,80.34532717,81.909191375,83.6890950399
103.270696109,104.078717315,102.615278778,100.776768695,101.06256238
2.53501727443,4.94406854809,5.15013122018,4.05970896397,4.78364432061
24.2207126707,24.312717685,21.7143292981,23.6735926492,22.0453029603
44.9477339854,44.9892580973,43.4136491719,40.3812889717,43.2610478454
62.5624060292,64.6457463945,63.4055232937,62.0455054797,61.7530764268
81.8231208016,82.3862771082,84.2090865029,84.2815629403,80.3767114203
101.664191603,101.613313925,104.24230268,104.814706212,101.856395352
1.58562321369,2.07244937104,2.63501156621,4.34198791127,2.72061333682
24.1036464967,24.0451648071,21.4539444208,24.9616506995,24.3869797496
42.051871133,41.9830676846,40.062875348,41.6420803386,44.5672423425
64.3625812383,63.9779813591,61.6307494822,63.1967339918,64.8334667314
80.5492932616,82.1942555577,82.4812490815,83.9967893036,84.0607935424
102.675258916,104.437326119,101.649962946,101.541549212,102.333119853
1.6802959488,5.14867386338,4.82805665456,4.06288301212,3.593388487
22.5116687498,24.1583723113,23.749989361,24.1561008016,23.4548901236
41.8290396927,42.5554373765,41.9355525847,43.4007116873,44.6462422927
64.2840988171,64.1578862464,63.5827661866,62.7815032745,63.6166218675
84.1905336841,84.3641538436,82.4815212243,81.1103306359,82.8688954877
104.416913665,102.193949751,103.413616649,101.28026316,104.039430229
4.42719633447,2.63065022607,4.71030403742,1.76856179351,5.17478304894
23.653934207,20.5270276391,21.6950550105,22.8014248813,23.1464474677
42.2171367149,42.3036103618,41.9372254939,40.1924574633,44.6937272695
63.489456301,64.1802040115,60.0013282695,61.1944003594,63.2275735562
80.8006319178,80.871307092,84.9208814323,84.6149451948,80.5608533276
102.987464051,103.617783934,104.855592109,104.711202838,102.51423068
3.09733822623,4.45434650896,4.94910012196,3.77519169009,1.56426825131
21.6851307757,21.8676206791,23.7834894439,22.9615739702,21.6172300761
44.7580413025,40.3776112658,44.1601955291,44.6455967675,41.2461222366
64.7995538138,60.3951973417,64.1128865377,63.577512814,60.4439265138
80.5707141745,80.0434666369,80.4591077087,83.6449263153,82.0925594221
101.742457035,103.342291691,102.684658094,100.565869937,101.39684422
2.00609655025,2.61841155063,4.58089854283,4.2163289558,1.61222801261
23.6078011756,20.816126236,21.7847807238,20.2721491505,21.8968478822
43.8794735523,41.4315394813,41.8132581938,43.6676119882,43.5670744319
62.6548315802,62.2938446964,61.0851078151,62.0920200997,62.5837287015
84.0760654123,81.0588687589,83.6005138722,83.0973541333,84.8121658173
103.383484394,100.294018683,100.605220768,100.352163091,104.618979047
5.0374646397,3.81440396449,5.19450378824,4.61692164525,3.07318084628
24.3495131184,24.1058610412,21.5664494632,24.0896239024,20.2653756386
41.0511418245,42.4357954024,44.7203179827,43.3697600269,43.7242798573
64.8539870912,63.5332004876,62.1683610011,61.1721072198,60.0933995687
83.5914481222,81.9235488761,81.3779627806,81.396453696,84.7098336977
101.738478484,104.236903683,104.295687515,103.906134336,100.862488309
4.48617694662,1.50124126166,1.55481840455,4.3264198909,2.09019456923
21.9178761982,23.7841743279,21.5013442667,23.8735434302,20.8554795962
41.0190197451,43.5287570416,42.211596207,43.0907718598,40.4586581979
62.4031502313,62.83179981,61.3970678384,62.4698051654,60.6862461738
81.4475316585,82.4510239723,84.2274449765,82.1408512579,82.1256076115
103.141006134,102.680723292,104.024300973,101.649509198,101.829445202
3.99950607629,2.8541885795,2.02702882719,3.43440620946,2.08342855664
21.2738024197,21.0979509857,24.5699265878,23.4412399565,21.1096369783
42.0709544553,41.3457330913,44.5868607033,40.5036974353,40.9507344695
63.743544584,61.1546309301,63.8479744934,61.0517678613,63.9139428326
83.9704027431,80.4141803692,80.6821584576,84.7234078169,83.241927071
102.442071583,104.751255428,102.402436516,101.257171006,102.941047892
5.22797223472,3.59678831408,2.8804220968,2.25309347266,4.03189943761
22.7287796634,23.6476617375,22.531112755,21.5864746062,24.042893379
41.6095209042,41.3281337446,41.8134663258,43.7657940144,41.6629599048
60.3212305176,61.919852043,61.5994907934,60.8372218248,62.7231212029
84.454240408,84.5938341288,82.4180110167,83.0467609949,81.8848402314
101.346296873,104.349550807,104.158247102,102.886184973,102.516101278
1.65454108543,3.39627212646,4.19411456026,3.78527077784,4.17110250116
21.9738884733,21.468218585,21.0711804021,20.1298208817,21.6528782158
44.6019249755,43.2781634672,42.8737354033,42.7025001975,41.1216668168
61.4138254305,60.455805039,63.089787819,61.1030876657,61.3902461906
84.0837661784,82.9051573715,80.0920164498,82.9058564018,84.2368643718
103.293339822,100.724295054,104.245618817,101.149989225,102.519942744
2.50759710889,3.91612694427,4.16142482141,1.8897841851,4.36952595741
23.2000797334,21.6271645216,24.2462791613,22.9591483411,23.7121739662
40.7291185211,43.5038819952,41.7578018232,43.231999498,43.1834050116
64.0338191834,61.9505176455,62.1315782332,64.1377505266,62.9060199027
84.0227519308,81.2629027251,82.0750033292,81.744315852,80.8145801258
104.475963706,101.840594031,104.390165544,100.326125015,103.81479287
3.94238710376,5.05588934343,2.23225768281,3.29375776866,5.16229944925
21.5469356591,24.8539274508,23.0887939514,23.5686914023,20.1901787623
43.7351866352,40.3223235223,43.4670497888,43.1913419874,40.4657220838
62.9570849924,62.1838743749,62.636653773,60.2565251057,64.6471568768
80.384133945,82.1197205446,84.2690172679,81.4498431417,82.4704294252
103.812618737,100.776656181,101.528511249,102.963365576,104.667668804
3.37474077994,2.50683734247,2.81751051189,3.59658975544,5.1348122963
23.8109276938,23.1513679261,23.0352682164,24.9748974824,24.8307363706
42.0197799912,43.3615948822,42.468359859,41.9739733789,41.700356381
60.5836634769,64.6085428196,60.0127115505,63.6416493061,63.1054287002
82.5480541598,84.3464607857,81.3225974074,83.2158333571,83.7583259359
102.804168461,102.539733348,103.950721913,102.106937958,104.115757016
5.01604427656,1.60899461533,4.24997633962,2.88562788344,3.33541550162
20.4095712165,24.6719382252,20.6747430457,21.4306203652,24.5529594611
41.2891627788,41.831187149,43.2662492024,41.9456729551,42.238494077
63.9055112437,62.4561012593,60.546754738,62.6312101319,62.7501640803
81.885604809,84.9696264135,83.174573927,82.3388574352,83.0031589958
103.926764987,101.651457332,102.779441083,100.672404974,101.1213832
1.90385903659,3.20870667533,2.71526840258,5.17550040928,3.88644899655
24.8765747713,21.7680647497,20.1399561621,22.958000415,23.4525384367
42.039962045,40.7340909021,42.4064380379,43.148004242,42.411898387
61.5891630869,62.4126677683,61.5140284948,61.2545286432,62.8273061106
81.6639345379,82.72926247,82.7847056168,84.8476188042,82.421493996
101.862621054,100.16639762,100.913596697,101.243338945,103.048509042
1.72204103625,2.83225072776,3.81165052373,5.07440330706,3.44665631019
20.0298946361,21.9465336054,21.2096574763,20.1196362655,22.7908571532
43.5451139068,43.6941318753,43.910015378,42.9059978409,44.3436693941
64.9379505939,64.4351776961,63.7642974379,62.658733325,63.6655122431
81.4455020832,80.3493923826,81.625367858,84.6411180153,84.6752412877
103.325099561,104.4720773,101.094784282,101.273433528,104.410882815
4.2068848691,3.74952618883,2.35422039942,3.16529607077,4.28532940787
20.4755205423,20.1785142721,24.1112774158,20.5790776112,20.6355058984
43.2196143375,44.0491389298,40.0038255834,40.9410203694,44.1027959418
62.3408887385,63.1682233406,62.9301882638,62.387294375,61.95614188
83.9153374393,81.2329811076,83.5756405117,84.4610663911,80.803478098
102.074912995,104.619394307,100.679337694,101.100941933,104.194995728
3.07838169643,2.17035626705,3.40853984886,5.11584162708,4.16632826657
24.8675082254,20.1655399162,22.221779968,24.6013643451,21.3653489687
44.3057709529,42.7526745737,43.6217130485,42.8602037582,44.0258417376
64.2090995144,63.9788390402,64.6554680819,62.3949005487,63.2638675497
81.0890028176,83.9479414038,84.1635044155,84.1441981096,82.1150264571
104.104871187,103.874170059,101.406715311,104.300969692,102.524746865
4.26126042054,1.61524402804,3.38945537472,5.05610452134,3.23646442648
24.9891727551,20.7343772228,22.2821608003,22.6034380059,23.7751806179
42.8284919177,44.5827474193,44.0416434593,42.9579599019,44.8035131195
64.5497476907,64.5064908631,61.9841649803,63.9591924132,60.6141743178
82.3352153409,84.3234463595,82.1195721985,84.8630038513,84.1070806105
103.764037318,100.749783839,103.440082115,104.95138564,103.793858478
1.93155213933,4.17452110245,4.61206255678,4.85897679858,1.71641033988
24.2458996487,23.4953677138,23.8315240757,21.1080980972,23.9512944393
44.521708208,42.1343946796,42.8181744427,41.9340166174,44.4521301143
62.5191447442,64.3986925356,60.0293728391,63.1985789911,60.0501697221
82.4112672982,84.7347457316,81.2918069114,84.1157207893,81.2821297005
100.486780617,102.510246282,100.169754813,102.799999062,102.480631084
2.3389949039,2.68074658107,3.2709827356,4.26357049356,2.15773802202
23.5877677374,21.3925852396,23.7226692522,22.354446365,23.2578124114
42.1512830024,44.7627697909,42.9175314338,41.023269986,40.3811535506
63.2048755301,61.3614942245,63.6474034763,63.4560447249,62.0131705928
80.7065979422,82.5083227031,80.954160656,83.6275648809,80.7461810768
100.561300859,101.955037649,104.83703222,102.175419883,100.995894658
1.81705832521,3.86907435989,3.35881190239,2.72171603396,2.22522390548
24.9906812006,24.4794571834,20.8985731554,23.2652801849,23.6498489791
40.0974081635,42.6426954027,44.6262653717,44.0870065644,42.188144625
64.4765069859,60.9540961859,63.7890875061,61.8965284273,63.3268901501
84.0815933249,82.6124512661,82.0677931672,84.4676996245,84.3985956242
102.753307137,102.511834663,101.018290502,101.96005438,101.437168976
1.93835918837,2.1096438716,1.79506652476,2.75390438095,2.50707557338
22.1033977616,23.6771683208,21.1759813065,20.4133515997,20.1515223235
40.1429373418,41.314441827,42.0875945788,44.8313297509,41.2642945827
63.978326244,60.5647172164,64.417611335,61.3364762866,61.2307493118
80.1335336461,83.3665530186,81.0679167821,83.7129008398,80.729641367
102.484359268,103.480616811,102.456164455,101.146770603,104.492317145
4.54451603502,2.39080282171,2.2896915404,4.03934380185,3.80939680551
21.4106956114,23.2866990944,23.2427011453,20.6614356455,21.3573012857
42.3547097638,43.8987361607,44.2508606926,41.3754693633,42.6010115624
64.9313454296,64.8743476398,62.6357699591,62.6624570332,60.5711856539
80.5290192976,81.5083630704,83.0316512258,84.4510811737,80.3728524003
103.826309389,103.38519253,103.895433411,103.880336076,102.88475041
1.95614771409,2.85099799629,1.80226645959,1.90062776228,4.43199508781
22.133694491,22.6166952646,22.996772637,21.6749419611,20.8259520899
40.6447980923,42.334392348,43.5163140945,40.8258772853,43.8382440612
63.2743478606,61.9449763937,62.1465991575,64.7671276749,64.8918219555
82.6390199129,82.7171701153,83.0458527098,81.3572929151,84.6109339924
102.278746042,104.108332171,100.925200151,100.45941925,104.355015023
4.28347955462,4.12449359846,2.39254818679,3.42994615347,3.80734395721
23.8341817191,23.1349866739,24.6073098689,22.4421024084,24.3957921313
43.8227796969,43.7292710361,42.9946201078,41.0022190628,41.5077890753
62.7331408031,62.4188105384,62.5498066903,63.1685411746,64.9226729515
81.1903941767,84.516284901,82.3238640821,81.1197960544,81.8316328832
101.700672991,104.070057992,104.620716249,104.861719436,100.787105705
4.18778756555,3.14807768427,3.87911291856,3.02393221252,3.73785184858
22.8387577088,24.7846358048,21.3922364831,24.5783294602,24.6500665138
40.537505997,40.1502569222,43.010421386,41.991477667,40.0511165806
61.3859288964,60.0948182,63.7410482171,62.7046073206,64.015083232
82.7412324905,80.0323175542,83.1280307657,84.939939963,80.4871883936
104.869972909,100.332069732,102.338521537,100.766659778,103.59821808
3.63693032775,2.24898839115,2.92570403977,1.74945438176,4.19883833259
23.0055091081,20.8504180748,22.6101485203,22.9199205895,22.4364861518
43.2469467645,43.6404691285,40.9968289625,41.1271764338,42.170813734
64.5434078709,63.7225113001,63.7575033459,62.7781941092,63.2036502882
84.3729700838,81.8273567478,82.5209153865,84.7134074426,83.9490834957
104.550275286,104.6927289,101.728490847,102.686231134,103.802926491
3.24389891828,4.16575347847,3.67302857901,4.54205768773,1.97487694682
21.7791779272,22.5535714796,20.5324942534,24.5633540515,20.3810610583
43.7730921798,41.9029534898,43.8408323638,43.4583497977,40.1172414622
63.3225495855,61.6342027911,64.8798624232,63.7184504013,63.5811951394
81.5940335895,83.1974567656,84.0858943399,80.8024596383,82.9835365125
104.885230078,100.436834378,103.259538047,103.83660644,101.766220659
2.83317688744,4.23020891068,1.52759063475,4.78233332395,2.11413077977
22.3412632139,24.991528311,24.9399474966,21.7455349102,20.643507629
42.1488990547,40.4453556771,41.3721161365,41.565017814,41.6687729178
64.8572661478,60.5530155471,64.4631986762,64.3333380654,61.178064162
81.1338251213,80.6156451911,80.582611981,83.1751986391,81.6084425933
101.235854904,104.601365291,103.899946194,104.28572455,100.397665744
2.67745565385,3.56229675825,1.88183303719,5.28680587919,3.05343592778
23.2109047408,21.4029072143,23.2258639671,20.6572125267,23.2529524681
43.1049716802,41.1639041516,43.9324426196,42.4196608491,41.0609782775
64.3500714153,61.8426629076,62.4898019471,60.1753646448,62.4477208594
84.449067965,81.3175961579,83.1223271335,81.846586592,81.9422965461
102.605141121,104.745962953,100.247023824,100.625951022,101.191823812
3.39440211707,5.09409797791,4.81099567659,2.40066314863,2.04402791482
22.8917833611,21.7432753916,24.3245282401,21.31915188,21.464950725
44.6541904184,42.6406970457,44.1921866144,42.142335047,40.0773650503
62.1832846458,61.216792931,61.3156814786,61.0475659469,60.901163952
81.8393485703,84.3972769662,84.7447880076,84.6093253154,81.7446146458
102.678623812,100.432689045,101.407217313,104.504689902,103.878506044
4.45753436223,3.03261556964,3.44132359793,4.04748582102,3.19915261509
20.705566644,20.2080806926,23.0065531431,21.4081644058,21.9354928514
41.2334120052,41.4664324671,40.9463805201,40.57916541,42.3707503887
60.0474783475,61.2099956805,63.3422565346,63.6936500145,63.6250026309
84.2448327273,80.7742966688,83.0211763411,84.4081429599,81.0099312678
102.896993919,101.114311007,102.5440782,101.257763669,102.775993152
3.78639139479,4.17297177163,3.34598742729,2.63555960551,3.21745259026
20.5705122064,20.2879799713,23.4728600592,24.1492849147,22.4574301021
41.4664703984,42.0751122103,43.9754859117,43.4913205724,40.7750616282
62.3570504872,62.7806142737,61.9281440971,60.2152816367,61.0231714484
84.182260639,82.0904561482,80.7895366591,84.9657525571,82.8249620608
101.784217573,103.464411446,100.526500475,100.106708204,104.57698584
3.76652279571,4.31184699267,3.98881833488,4.91515878533,4.55993096786
24.2637459272,23.7636663178,22.659526947,21.9388452768,21.9335111425
44.8265104891,41.3135914467,40.8874613099,42.1919999347,40.5977691549
62.3445869707,64.0557280278,61.8978137652,62.0037574872,64.6984269892
81.904783065,84.5993481467,84.8528737468,84.5882172311,84.7430889693
101.148030306,102.164230276,104.68831731,102.06178353,102.844893859
2.73067886777,3.49755392046,5.03892116369,4.31909279933,3.00100862347
22.1076462246,21.6028309542,23.6978438475,24.5309218145,23.7199006546
40.7420750688,40.5139369187,42.391577588,44.8916762435,41.2345951012
60.3529649282,62.3254189716,61.8777312365,63.5788548105,64.8455354208
83.5242434359,83.1728309228,82.9930800383,81.8604930087,83.8684195105
103.34826327,100.291689786,104.299035194,103.622741331,100.49337473
1.96872076231,4.68857152122,3.89445654799,4.66344918672,3.18948338236
22.4571813974,23.3726088981,24.0865324244,21.5752025802,24.4048015662
41.4719732776,44.5136618895,41.1873595303,43.3188448688,42.1794420102
61.3113658628,61.993170186,63.8176014448,61.6546824945,64.8457863667
80.7648609523,83.6741256998,81.9142886434,82.6463979115,81.6112179239
102.47837379,102.879463352,104.66042326,103.961354714,103.187123177
5.21460212265,2.73572574641,4.16565692515,1.7629203855,3.27570418309
24.8374342636,20.325986939,21.500005657,23.3313068877,23.2152086386
41.4723496236,42.4185412277,43.9807707145,40.1608776532,43.7433025738
61.5468839307,62.0071843949,60.3456014646,61.0109819411,64.5612046734
82.3234192426,82.9353649309,81.7521270819,82.9301903654,82.3035980503
100.21430958,102.720315379,104.863657076,102.949056837,104.567582179
3.37900706564,2.95168534713,3.41561175777,3.79889656403,4.12037129762
22.4097822459,23.4006626614,24.5742215707,24.6023282903,21.5136620334
43.7780477318,42.9251777823,40.9862467082,40.7205466265,42.0115929715
61.73822588,64.5204520289,63.3108522329,60.3297320842,60.3038729952
